               idx              time               r_x               r_y               r_z               v_x               v_y               v_z            d_core           d_shell             T_par             T_env             humid              vw_x              vw_y              vw_z               m_c               m_s               f_x               f_y               f_z              core            active
      1.000000         0.3400002          5.114088         0.4592202          1.279033          16.61113          0.000000        -0.9974223E-01      54.03142          54.03142          295.2866          300.0000         0.9000000          10.00000          0.000000          0.000000         0.8259195E+08      0.000000         0.4792184E-09      0.000000        -0.1871947E-11      1.000000          1.000000    
      2.000000         0.3400000          1.176278        -0.1187783          1.899830          2.072599          0.000000        -0.1530441E-02      6.644583          6.644583          295.9748          300.0000         0.9000000          10.00000          0.000000          0.000000          153603.7          0.000000         0.9054979E-12      0.000000        -0.4421376E-15      1.000000          1.000000    
      3.000000         0.3400000          4.281749        -0.3964360          1.734711          11.54226          0.000000        -0.4811395E-01      37.50996          37.50996          307.4280          300.0000         0.9000000          10.00000          0.000000          0.000000         0.2763367E+08      0.000000         0.1154774E-09      0.000000        -0.4510836E-12      1.000000          1.000000    
      4.000000         0.3400004          6.400487         0.3830996          1.906658          20.15187          0.000000        -0.1468480          65.57210          65.57210          294.4348          300.0000         0.9000000          10.00000          0.000000          0.000000         0.1476237E+09      0.000000         0.3423884E-07      0.000000        -0.1993601E-09      1.000000          1.000000    
      5.000000         0.3400002          5.016199         0.4287577          1.707435          14.35104          0.000000        -0.7442302E-01      46.66490          46.66490          293.1744          300.0000         0.9000000          10.00000          0.000000          0.000000         0.5320709E+08      0.000000         0.1787299E-09      0.000000        -0.1396327E-11      1.000000          1.000000    
      6.000000         0.3400003          7.567445        -0.3006535          1.460403          22.55819          0.000000        -0.1840451          73.41527          73.41527          298.7940          300.0000         0.9000000          10.00000          0.000000          0.000000         0.2071847E+09      0.000000         0.4127301E-05      0.000000        -0.2752863E-07      1.000000          1.000000    
      7.000000         0.3400000          5.197383         0.4542221          1.169758          16.54356          0.000000        -0.9893162E-01      53.81118          53.81118          306.1882          300.0000         0.9000000          10.00000          0.000000          0.000000         0.8158612E+08      0.000000         0.4753247E-09      0.000000        -0.1856737E-11      1.000000          1.000000    
      8.000000         0.3400003          5.756970        -0.3705401E-01      1.826850          18.03448          0.000000        -0.1175867          58.67068          58.67068          301.2152          300.0000         0.9000000          10.00000          0.000000          0.000000         0.1057455E+09      0.000000         0.5650236E-09      0.000000        -0.2207123E-11      1.000000          1.000000    
      9.000000         0.3400001          2.156449        -0.3949271          1.669423          7.475901          0.000000        -0.2015200E-01      24.25609          24.25609          303.1583          300.0000         0.9000000          10.00000          0.000000          0.000000          7472418.          0.000000         0.2414424E-10      0.000000        -0.9431345E-13      1.000000          1.000000    
      10.00000         0.3400001          2.788714        -0.4050834          1.830505          9.450706          0.000000        -0.3223547E-01      30.69277          30.69277          302.3523          300.0000         0.9000000          10.00000          0.000000          0.000000         0.1513933E+08      0.000000         0.7731416E-10      0.000000        -0.3020084E-12      1.000000          1.000000    
      11.00000         0.3400003          6.024443        -0.2842172          1.615654          18.21575          0.000000        -0.1199647          59.26152          59.26152          294.9416          300.0000         0.9000000          10.00000          0.000000          0.000000         0.1089725E+09      0.000000         0.5764775E-09      0.000000        -0.2251754E-11      1.000000          1.000000    
      12.00000         0.3400000          1.478645         0.2025804          1.726886          4.198682          0.000000        -0.6333811E-02      13.57433          13.57433          306.9469          300.0000         0.9000000          10.00000          0.000000          0.000000          1309646.          0.000000         0.7560175E-11      0.000000        -0.7382983E-14      1.000000          1.000000    
      13.00000         0.3400000         0.9573043E-01    -0.8163253E-02      1.420561         0.6857733          0.000000        -0.1618989E-03      2.124368          2.124368          301.1345          300.0000         0.9000000          10.00000          0.000000          0.000000          5019.814          0.000000         0.2314815E-13      0.000000        -0.5651404E-17      1.000000          1.000000    
      14.00000         0.3400002          7.766492         0.1088942          1.631116          24.00967          0.000000        -0.2085105          78.14623          78.14623          307.4888          300.0000         0.9000000          10.00000          0.000000          0.000000         0.2498749E+09      0.000000         0.3873016E-04      0.000000        -0.2782155E-06      1.000000          1.000000    
      15.00000         0.3400000         0.7822216         0.4626718          1.395459          1.219616          0.000000        -0.5237642E-03      3.864373          3.864373          298.7349          300.0000         0.9000000          10.00000          0.000000          0.000000          30215.91          0.000000         0.1529887E-12      0.000000        -0.7475574E-16      1.000000          1.000000    
      16.00000         0.3400000          6.631798         0.3864143          1.095102          21.36357          0.000000        -0.1650543          69.52153          69.52153          303.8551          300.0000         0.9000000          10.00000          0.000000          0.000000         0.1759368E+09      0.000000         0.4647599E-06      0.000000        -0.2907419E-08      1.000000          1.000000    
      17.00000         0.3400002          8.950966        -0.2703246          1.897466          29.01422          0.000000        -0.3045747          94.45999          94.45999          293.7972          300.0000         0.9000000          10.00000          0.000000          0.000000         0.4413086E+09      0.000000         0.8534078E-02      0.000000        -0.7618777E-04      1.000000          1.000000    
      18.00000         0.3400004          7.882003         0.2912465          1.388013          24.34237          0.000000        -0.2143334          79.23064          79.23064          304.1698          300.0000         0.9000000          10.00000          0.000000          0.000000         0.2604223E+09      0.000000         0.6133815E-04      0.000000        -0.4477206E-06      1.000000          1.000000    
      19.00000         0.3400001          2.433066         0.4694490          1.172635          5.776818          0.000000        -0.1201667E-01      18.71811          18.71811          306.7715          300.0000         0.9000000          10.00000          0.000000          0.000000          3433874.          0.000000         0.1437783E-10      0.000000        -0.2808170E-13      1.000000          1.000000    
      20.00000         0.3400001          7.632385        -0.3409950          1.754145          26.22773          0.000000        -0.2488455          85.37590          85.37590          298.2786          300.0000         0.9000000          10.00000          0.000000          0.000000         0.3258400E+09      0.000000         0.6088377E-03      0.000000        -0.4845409E-05      1.000000          1.000000    
