               idx              time               r_x               r_y               r_z               v_x               v_y               v_z            d_core           d_shell             T_par             T_env             humid              vw_x              vw_y              vw_z               m_c               m_s               f_x               f_y               f_z              core            active
      1.000000         0.2600000          3.785196         0.4592202          1.287012          16.61113          0.000000        -0.9974223E-01      54.03142          54.03142          295.2866          300.0000         0.9000000          10.00000          0.000000          0.000000         0.8259195E+08      0.000000         0.1388969E-08      0.000000        -0.6465939E-11      1.000000          1.000000    
      2.000000         0.2600000          1.010470        -0.1187783          1.899952          2.072599          0.000000        -0.1530441E-02      6.644583          6.644583          295.9748          300.0000         0.9000000          10.00000          0.000000          0.000000          153603.7          0.000000         0.9054979E-12      0.000000        -0.4421376E-15      1.000000          1.000000    
      3.000000         0.2600002          3.358370        -0.3964360          1.738560          11.54226          0.000000        -0.4811395E-01      37.50996          37.50996          307.4280          300.0000         0.9000000          10.00000          0.000000          0.000000         0.2763367E+08      0.000000         0.1154774E-09      0.000000        -0.4510836E-12      1.000000          1.000000    
      4.000000         0.2600002          4.788334         0.3830996          1.918406          20.15187          0.000000        -0.1468480          65.57210          65.57210          294.4348          300.0000         0.9000000          10.00000          0.000000          0.000000         0.1476237E+09      0.000000         0.7156854E-05      0.000000        -0.4166516E-07      1.000000          1.000000    
      5.000000         0.2600001          3.868115         0.4287577          1.713389          14.35104          0.000000        -0.7442302E-01      46.66490          46.66490          293.1744          300.0000         0.9000000          10.00000          0.000000          0.000000         0.5320709E+08      0.000000         0.1787299E-09      0.000000        -0.1396327E-11      1.000000          1.000000    
      6.000000         0.2600002          5.762787        -0.3006535          1.475126          22.55816          0.000000        -0.1840450          73.41527          73.41527          298.7940          300.0000         0.9000000          10.00000          0.000000          0.000000         0.2071847E+09      0.000000         0.2930650E-03      0.000000        -0.1954710E-05      1.000000          1.000000    
      7.000000         0.2600003          3.873903         0.4542221          1.177672          16.54356          0.000000        -0.9893162E-01      53.81118          53.81118          306.1882          300.0000         0.9000000          10.00000          0.000000          0.000000         0.8158612E+08      0.000000         0.1177824E-08      0.000000        -0.5198952E-11      1.000000          1.000000    
      8.000000         0.2600000          4.314207        -0.3705401E-01      1.836257          18.03448          0.000000        -0.1175867          58.67068          58.67068          301.2152          300.0000         0.9000000          10.00000          0.000000          0.000000         0.1057455E+09      0.000000         0.7778655E-07      0.000000        -0.3966616E-09      1.000000          1.000000    
      9.000000         0.2600001          1.558376        -0.3949271          1.671035          7.475901          0.000000        -0.2015200E-01      24.25609          24.25609          303.1583          300.0000         0.9000000          10.00000          0.000000          0.000000          7472418.          0.000000         0.2414424E-10      0.000000        -0.9431345E-13      1.000000          1.000000    
      10.00000         0.2600000          2.032657        -0.4050834          1.833083          9.450706          0.000000        -0.3223547E-01      30.69277          30.69277          302.3523          300.0000         0.9000000          10.00000          0.000000          0.000000         0.1513933E+08      0.000000         0.7731416E-10      0.000000        -0.3020084E-12      1.000000          1.000000    
      11.00000         0.2600002          4.567182        -0.2842172          1.625251          18.21575          0.000000        -0.1199647          59.26152          59.26152          294.9416          300.0000         0.9000000          10.00000          0.000000          0.000000         0.1089725E+09      0.000000         0.1218863E-06      0.000000        -0.6281713E-09      1.000000          1.000000    
      12.00000         0.2600001          1.142751         0.2025804          1.727392          4.198682          0.000000        -0.6333811E-02      13.57433          13.57433          306.9469          300.0000         0.9000000          10.00000          0.000000          0.000000          1309646.          0.000000         0.7560175E-11      0.000000        -0.7382983E-14      1.000000          1.000000    
      13.00000         0.2600000         0.4086858E-01    -0.8163253E-02      1.420574         0.6857733          0.000000        -0.1618989E-03      2.124368          2.124368          301.1345          300.0000         0.9000000          10.00000          0.000000          0.000000          5019.814          0.000000         0.2314815E-13      0.000000        -0.5651404E-17      1.000000          1.000000    
      14.00000         0.2600002          5.845720         0.1088942          1.647797          24.00953          0.000000        -0.2085095          78.14623          78.14623          307.4888          300.0000         0.9000000          10.00000          0.000000          0.000000         0.2498749E+09      0.000000         0.1667721E-02      0.000000        -0.1197996E-04      1.000000          1.000000    
      15.00000         0.2600000         0.6846523         0.4626718          1.395501          1.219616          0.000000        -0.5237642E-03      3.864373          3.864373          298.7349          300.0000         0.9000000          10.00000          0.000000          0.000000          30215.91          0.000000         0.1529887E-12      0.000000        -0.7475574E-16      1.000000          1.000000    
      16.00000         0.2600003          4.922718         0.3864143          1.108307          21.36357          0.000000        -0.1650543          69.52153          69.52153          303.8551          300.0000         0.9000000          10.00000          0.000000          0.000000         0.1759368E+09      0.000000         0.5389190E-04      0.000000        -0.3371344E-06      1.000000          1.000000    
      17.00000         0.2600004          6.630013        -0.2703246          1.921831          29.00693          0.000000        -0.3045096          94.45999          94.45999          293.7972          300.0000         0.9000000          10.00000          0.000000          0.000000         0.4413086E+09      0.000000         0.1121531          0.000000        -0.1001244E-02      1.000000          1.000000    
      18.00000         0.2600004          5.934617         0.2912465          1.405159          24.34218          0.000000        -0.2143319          79.23064          79.23064          304.1698          300.0000         0.9000000          10.00000          0.000000          0.000000         0.2604223E+09      0.000000         0.2384569E-02      0.000000        -0.1740549E-04      1.000000          1.000000    
      19.00000         0.2600000          1.970920         0.4694490          1.173597          5.776818          0.000000        -0.1201667E-01      18.71811          18.71811          306.7715          300.0000         0.9000000          10.00000          0.000000          0.000000          3433874.          0.000000         0.1437783E-10      0.000000        -0.2808170E-13      1.000000          1.000000    
      20.00000         0.2600001          5.534190        -0.3409950          1.774052          26.22666          0.000000        -0.2488370          85.37590          85.37590          298.2786          300.0000         0.9000000          10.00000          0.000000          0.000000         0.3258400E+09      0.000000         0.1424647E-01      0.000000        -0.1133799E-03      1.000000          1.000000    
